example_protein	B1K1H7.1	100.000	40	0	0	1	40	189	228	1.66e-20	84.7
example_protein	Q1BZN5.1	100.000	40	0	0	1	40	189	228	1.73e-20	84.3
example_protein	A0K2U3.1	100.000	40	0	0	1	40	189	228	1.83e-20	84.3
example_protein	Q39L16.1	77.500	40	9	0	1	40	194	233	3.28e-15	69.3
example_protein	Q0BJQ6.1	57.778	45	13	1	1	39	195	239	1.49e-08	50.4
example_protein	B1YQ54.1	57.778	45	13	1	1	39	195	239	1.60e-08	50.4
example_protein	A9AJC5.1	55.556	45	14	1	1	39	196	240	2.00e-07	47.4
example_protein	A3N3Y7.2	53.333	45	15	1	1	39	199	243	8.31e-07	45.8
example_protein	Q63Z34.2	53.333	45	15	1	1	39	202	246	8.90e-07	45.4
example_protein	A2S6N9.2	53.333	45	15	1	1	39	202	246	8.99e-07	45.4
example_protein	A3NPL7.2	53.333	45	15	1	1	39	202	246	8.99e-07	45.4
example_protein	Q3JXS0.2	53.333	45	15	1	1	39	202	246	9.26e-07	45.4
example_protein	A1V8X2.2	53.333	45	15	1	1	39	199	243	9.26e-07	45.4
example_protein	Q13SL2.1	48.889	45	17	1	1	39	196	240	9.92e-07	45.4
example_protein	Q2T2K1.2	51.111	45	16	1	1	39	196	240	2.49e-06	44.3
example_protein	B2T7N8.1	48.889	45	17	1	1	39	196	240	4.41e-06	43.5
example_protein	A4J9Z5.1	48.889	45	17	1	1	39	196	240	6.53e-06	43.1
example_protein	B2JJN6.1	48.889	45	17	1	1	39	196	240	2.08e-05	41.6
example_protein	Q59284.1	40.909	44	21	1	2	40	114	157	0.99	28.5
example_protein	Q8XYP9.1	33.333	45	24	1	1	39	193	237	9.2	25.8
